q_alt = 1.000000
r_alt = 0.000000
