SIM

origin_latitude  = 44.395762
origin_longitude = 8.931207



