Kp_vel = 0.000000
Ki_vel = 0.000000
Kd_vel = 0.000000
Kp_force = 1100.000000
Ki_force = 3.000000
Kd_force = 0.000000
