Kp_vel = 0.120000
Ki_vel = 0.000000
Kd_vel = 0.200000
Kp_force = 80.000000
Ki_force = 0.000000
Kd_force = 15.000000