Kp = 4300.000000
Ki = 500.000000
Kd = 100.000000
