q_w = 0.299980
r_w = 2.000000
Kw = 0.733200
bw = 0.005400
