Kp_vel = 0.000000
Ki_vel = 0.000000
Kd_vel = 0.000000
Kp_force = 3000.000000
Ki_force = 15.000000
Kd_force = 8.000000
