Kp_u = 20.000000
Ki_u = 1.000000
Kd_u = 0.000000
Kp_v = 20.000000
Ki_v = 1.000000
Kd_v = 0.000000

