q_uv = 1.000000
q_current = 0.001000
r_uv_11 = 0.500000
r_uv_12 = -0.050000
r_uv_22 = 0.500000
Ku = 0.273700
bu = 0.007500
Kv = 0.272400
bv = 0.004000
