Kp = 3000.000000
Ki = 0.000000
Kd = 0.000000
